#Resonance Frequency: 570500.000 Hz
#Set Current: 6.57 A
Time [s]	Current [A]	Voltage [V]	T0 [degC]	T1 [degC]	T2 [degC]	State
0.016377	0.000	0.000	19.9	327.6	327.6	BEFORE
1.000223	0.000	0.000	19.9	327.6	327.6	BEFORE
2.000282	0.001	0.000	19.8	327.6	327.6	BEFORE
3.007473	0.000	0.000	19.8	327.6	327.6	BEFORE
4.000091	0.000	0.000	19.8	327.6	327.6	BEFORE
5.000063	0.001	0.000	19.8	327.6	327.6	BEFORE
6.003171	0.000	0.000	19.8	327.6	327.6	BEFORE
7.008880	0.000	0.000	19.8	327.6	327.6	BEFORE
8.000503	0.000	0.000	19.8	327.6	327.6	BEFORE
9.005519	0.001	0.000	19.8	327.6	327.6	BEFORE
10.000106	0.000	0.000	19.8	327.6	327.6	BEFORE
11.000188	0.000	0.000	19.8	327.6	327.6	BEFORE
12.001678	0.000	0.000	19.8	327.6	327.6	BEFORE
13.000257	0.000	0.000	19.8	327.6	327.6	BEFORE
14.000174	0.000	0.000	19.8	327.6	327.6	BEFORE
15.057112	0.000	0.000	19.8	327.6	327.6	BEFORE
16.000324	0.000	0.000	19.8	327.6	327.6	BEFORE
17.000383	0.000	0.000	19.8	327.6	327.6	BEFORE
18.000129	0.000	0.000	19.8	327.6	327.6	BEFORE
19.000107	0.000	0.000	19.8	327.6	327.6	BEFORE
20.000077	0.000	0.000	19.7	327.6	327.6	BEFORE
21.002493	0.000	0.000	19.7	327.6	327.6	BEFORE
22.000112	0.000	0.000	19.7	327.6	327.6	BEFORE
23.001196	0.000	0.000	19.7	327.6	327.6	BEFORE
24.000209	0.000	0.000	19.7	327.6	327.6	BEFORE
25.000059	0.001	0.000	19.7	327.6	327.6	BEFORE
26.000106	0.000	0.000	19.7	327.6	327.6	BEFORE
27.003952	0.000	0.000	19.7	327.6	327.6	BEFORE
28.001012	0.000	0.000	19.7	327.6	327.6	BEFORE
29.005873	0.000	0.000	19.7	327.6	327.6	BEFORE
30.003977	0.000	0.000	19.7	327.6	327.6	BEFORE
31.000876	0.000	0.000	19.7	327.6	327.6	BEFORE
32.063852	0.000	0.000	19.7	327.6	327.6	BEFORE
33.004658	0.001	0.000	19.7	327.6	327.6	BEFORE
34.000325	0.000	0.000	19.7	327.6	327.6	BEFORE
35.000121	0.000	0.000	19.7	327.6	327.6	BEFORE
36.002339	0.000	0.000	19.7	327.6	327.6	BEFORE
37.000506	0.000	0.000	19.7	327.6	327.6	BEFORE
38.000276	0.000	0.000	19.7	327.6	327.6	BEFORE
39.000605	0.000	0.000	19.7	327.6	327.6	BEFORE
40.000118	0.000	0.000	19.7	327.6	327.6	BEFORE
41.000068	0.000	0.000	19.7	327.6	327.6	BEFORE
42.000776	0.001	0.000	19.6	327.6	327.6	BEFORE
43.000246	0.000	0.000	19.6	327.6	327.6	BEFORE
44.000499	0.001	0.000	19.6	327.6	327.6	BEFORE
45.008931	0.000	0.000	19.6	327.6	327.6	BEFORE
46.000161	0.000	0.000	19.6	327.6	327.6	BEFORE
47.000230	0.000	0.000	19.6	327.6	327.6	BEFORE
48.000219	0.000	0.000	19.6	327.6	327.6	BEFORE
48.999945	0.000	0.000	19.6	327.6	327.6	BEFORE
50.000269	0.000	0.000	19.6	327.6	327.6	BEFORE
51.000221	0.000	0.000	19.6	327.6	327.6	BEFORE
52.000178	0.001	0.000	19.6	327.6	327.6	BEFORE
53.000087	0.000	0.000	19.6	327.6	327.6	BEFORE
54.005352	0.000	0.000	19.6	327.6	327.6	BEFORE
55.031276	0.001	0.000	19.6	327.6	327.6	BEFORE
56.000321	0.000	0.000	19.6	327.6	327.6	BEFORE
57.017351	0.000	0.000	19.6	327.6	327.6	BEFORE
58.000400	0.001	0.000	19.6	327.6	327.6	BEFORE
59.000076	0.001	0.000	19.6	327.6	327.6	BEFORE
60.005109	0.000	0.000	19.6	327.6	327.6	BEFORE
60.999664	6.562	14.776	19.6	327.6	327.6	EXPOSING
62.000920	6.563	14.791	19.7	327.6	327.6	EXPOSING
63.001151	6.563	14.797	19.8	327.6	327.6	EXPOSING
64.000143	6.563	14.803	20.0	327.6	327.6	EXPOSING
65.000123	6.563	14.809	20.1	327.6	327.6	EXPOSING
66.005096	6.563	14.813	20.3	327.6	327.6	EXPOSING
67.005609	6.563	14.815	20.5	327.6	327.6	EXPOSING
68.000086	6.564	14.818	20.6	327.6	327.6	EXPOSING
69.000306	6.563	14.820	20.8	327.6	327.6	EXPOSING
70.000237	6.563	14.822	21.0	327.6	327.6	EXPOSING
71.000355	6.563	14.825	21.1	327.6	327.6	EXPOSING
72.012784	6.564	14.829	21.3	327.6	327.6	EXPOSING
73.000122	6.563	14.830	21.5	327.6	327.6	EXPOSING
74.000130	6.564	14.831	21.6	327.6	327.6	EXPOSING
75.002820	6.564	14.834	21.8	327.6	327.6	EXPOSING
76.006904	6.563	14.834	22.0	327.6	327.6	EXPOSING
77.045250	6.563	14.835	22.1	327.6	327.6	EXPOSING
78.055725	6.562	14.838	22.3	327.6	327.6	EXPOSING
79.000012	6.564	14.838	22.4	327.6	327.6	EXPOSING
80.006025	6.563	14.840	22.6	327.6	327.6	EXPOSING
81.000273	6.563	14.841	22.7	327.6	327.6	EXPOSING
82.000340	6.563	14.844	22.8	327.6	327.6	EXPOSING
83.000112	6.563	14.844	23.0	327.6	327.6	EXPOSING
84.000476	6.563	14.846	23.1	327.6	327.6	EXPOSING
85.000225	6.563	14.848	23.3	327.6	327.6	EXPOSING
86.000188	6.563	14.848	23.4	327.6	327.6	EXPOSING
87.004858	6.564	14.850	23.6	327.6	327.6	EXPOSING
88.000736	6.563	14.852	23.7	327.6	327.6	EXPOSING
89.000114	6.563	14.853	23.8	327.6	327.6	EXPOSING
90.000072	6.563	14.855	24.0	327.6	327.6	EXPOSING
90.999798	0.064	0.004	24.1	327.6	327.6	WAIT
92.000178	0.000	0.000	24.1	327.6	327.6	WAIT
93.009030	0.000	0.000	24.1	327.6	327.6	WAIT
94.000200	0.000	0.000	24.0	327.6	327.6	WAIT
95.000109	0.000	0.000	24.0	327.6	327.6	WAIT
96.018018	0.000	0.000	23.9	327.6	327.6	WAIT
97.000338	0.000	0.000	23.9	327.6	327.6	WAIT
98.006145	0.000	0.000	23.8	327.6	327.6	WAIT
99.000103	0.000	0.000	23.8	327.6	327.6	WAIT
100.000359	0.000	0.000	23.7	327.6	327.6	WAIT
101.000457	0.000	0.000	23.6	327.6	327.6	WAIT
102.000903	0.000	0.000	23.6	327.6	327.6	WAIT
103.000151	0.000	0.000	23.5	327.6	327.6	WAIT
104.000244	0.001	0.000	23.5	327.6	327.6	WAIT
105.000108	0.000	0.000	23.4	327.6	327.6	WAIT
106.001563	0.000	0.000	23.4	327.6	327.6	WAIT
107.000405	0.000	0.000	23.3	327.6	327.6	WAIT
108.000703	0.000	0.000	23.3	327.6	327.6	WAIT
109.000388	0.000	0.000	23.2	327.6	327.6	WAIT
110.038759	0.000	0.000	23.2	327.6	327.6	WAIT
111.004734	0.000	0.000	23.1	327.6	327.6	WAIT
112.000092	0.001	0.000	23.1	327.6	327.6	WAIT
113.000208	0.000	0.000	23.0	327.6	327.6	WAIT
114.000623	0.000	0.000	23.0	327.6	327.6	WAIT
115.000504	0.000	0.000	22.9	327.6	327.6	WAIT
116.000590	0.000	0.000	22.9	327.6	327.6	WAIT
117.000377	0.000	0.000	22.8	327.6	327.6	WAIT
118.000264	0.000	0.000	22.8	327.6	327.6	WAIT
119.000071	0.000	0.000	22.7	327.6	327.6	WAIT
120.000221	0.000	0.000	22.7	327.6	327.6	WAIT
121.000108	0.000	0.000	22.7	327.6	327.6	WAIT
122.000275	0.000	0.000	22.6	327.6	327.6	WAIT
123.008527	0.000	0.000	22.6	327.6	327.6	WAIT
124.000209	0.000	0.000	22.5	327.6	327.6	WAIT
125.000117	0.000	0.000	22.5	327.6	327.6	WAIT
126.005584	0.000	0.000	22.4	327.6	327.6	WAIT
127.000178	0.000	0.000	22.4	327.6	327.6	WAIT
128.010123	0.000	0.000	22.4	327.6	327.6	WAIT
129.000435	0.000	0.000	22.3	327.6	327.6	WAIT
130.000781	0.000	0.000	22.3	327.6	327.6	WAIT
131.000065	0.000	0.000	22.2	327.6	327.6	WAIT
132.000088	0.000	0.000	22.2	327.6	327.6	WAIT
133.000101	0.000	0.000	22.2	327.6	327.6	WAIT
134.000609	0.000	0.000	22.1	327.6	327.6	WAIT
135.000274	0.000	0.000	22.1	327.6	327.6	WAIT
136.000711	0.000	0.000	22.1	327.6	327.6	WAIT
137.000291	0.000	0.000	22.0	327.6	327.6	WAIT
138.000133	0.000	0.000	22.0	327.6	327.6	WAIT
139.010452	0.000	0.000	22.0	327.6	327.6	WAIT
140.000106	0.000	0.000	21.9	327.6	327.6	WAIT
141.021549	0.001	0.000	21.9	327.6	327.6	WAIT
142.000103	0.000	0.000	21.9	327.6	327.6	WAIT
143.000130	0.000	0.000	21.8	327.6	327.6	WAIT
144.000252	0.000	0.000	21.8	327.6	327.6	WAIT
145.000392	0.000	0.000	21.8	327.6	327.6	WAIT
146.000613	0.000	0.000	21.7	327.6	327.6	WAIT
147.000187	0.000	0.000	21.7	327.6	327.6	WAIT
148.000484	0.000	0.000	21.7	327.6	327.6	WAIT
149.000779	0.000	0.000	21.6	327.6	327.6	WAIT
150.000360	0.000	0.000	21.6	327.6	327.6	WAIT
151.000602	0.000	0.000	21.6	327.6	327.6	WAIT
152.000067	0.000	0.000	21.5	327.6	327.6	WAIT
153.016521	0.000	0.000	21.5	327.6	327.6	WAIT
154.000407	0.000	0.000	21.5	327.6	327.6	WAIT
155.026892	0.000	0.000	21.5	327.6	327.6	WAIT
156.000206	0.000	0.000	21.4	327.6	327.6	WAIT
157.000388	0.000	0.000	21.4	327.6	327.6	WAIT
158.000130	0.000	0.000	21.4	327.6	327.6	WAIT
159.000096	0.000	0.000	21.4	327.6	327.6	WAIT
160.000435	0.000	0.000	21.3	327.6	327.6	WAIT
161.000154	0.000	0.000	21.3	327.6	327.6	WAIT
162.000103	0.000	0.000	21.3	327.6	327.6	WAIT
163.005203	0.000	0.000	21.3	327.6	327.6	WAIT
164.000346	0.000	0.000	21.2	327.6	327.6	WAIT
165.010669	0.000	0.000	21.2	327.6	327.6	WAIT
166.000252	0.000	0.000	21.2	327.6	327.6	WAIT
167.000190	0.000	0.000	21.2	327.6	327.6	WAIT
168.000342	0.000	0.000	21.1	327.6	327.6	WAIT
169.000559	0.000	0.000	21.1	327.6	327.6	WAIT
170.000151	0.000	0.000	21.1	327.6	327.6	WAIT
171.000384	0.000	0.000	21.1	327.6	327.6	WAIT
172.000391	0.000	0.000	21.0	327.6	327.6	WAIT
173.033210	0.000	0.000	21.0	327.6	327.6	WAIT
174.000869	0.000	0.000	21.0	327.6	327.6	WAIT
175.030146	0.000	0.000	21.0	327.6	327.6	WAIT
176.000086	0.000	0.000	21.0	327.6	327.6	WAIT
177.000153	0.000	0.000	20.9	327.6	327.6	WAIT
178.000331	0.000	0.000	20.9	327.6	327.6	WAIT
179.000040	0.000	0.000	20.9	327.6	327.6	WAIT
180.000164	0.000	0.000	20.9	327.6	327.6	WAIT
181.000083	0.000	0.000	20.9	327.6	327.6	WAIT
182.000127	0.000	0.000	20.8	327.6	327.6	WAIT
183.053033	0.000	0.000	20.8	327.6	327.6	WAIT
184.000127	0.000	0.000	20.8	327.6	327.6	WAIT
185.000167	0.001	0.000	20.8	327.6	327.6	WAIT
186.000629	0.000	0.000	20.8	327.6	327.6	WAIT
187.000452	0.001	0.000	20.8	327.6	327.6	WAIT
188.000701	0.000	0.000	20.7	327.6	327.6	WAIT
189.013498	0.001	0.000	20.7	327.6	327.6	WAIT
190.000180	0.000	0.000	20.7	327.6	327.6	WAIT
191.006007	0.000	0.000	20.7	327.6	327.6	WAIT
192.000168	0.001	0.000	20.7	327.6	327.6	WAIT
193.000129	0.000	0.000	20.6	327.6	327.6	WAIT
194.000532	0.001	0.000	20.6	327.6	327.6	WAIT
195.000792	0.000	0.000	20.6	327.6	327.6	WAIT
196.000078	0.000	0.000	20.6	327.6	327.6	WAIT
197.000108	0.000	0.000	20.6	327.6	327.6	WAIT
198.000141	0.000	0.000	20.6	327.6	327.6	WAIT
199.000507	0.000	0.000	20.5	327.6	327.6	WAIT
200.000166	0.000	0.000	20.5	327.6	327.6	WAIT
201.000232	0.000	0.000	20.5	327.6	327.6	WAIT
202.000149	0.000	0.000	20.5	327.6	327.6	WAIT
203.000101	0.000	0.000	20.5	327.6	327.6	WAIT
204.000240	0.001	0.000	20.5	327.6	327.6	WAIT
205.000877	0.000	0.000	20.5	327.6	327.6	WAIT
206.000325	0.000	0.000	20.5	327.6	327.6	WAIT
207.000169	0.000	0.000	20.4	327.6	327.6	WAIT
208.000094	0.000	0.000	20.4	327.6	327.6	WAIT
209.000070	0.000	0.000	20.4	327.6	327.6	WAIT
210.000504	0.000	0.000	20.4	327.6	327.6	WAIT
211.000170	0.000	0.000	20.4	327.6	327.6	WAIT
212.000129	0.000	0.000	20.4	327.6	327.6	WAIT
213.000142	0.000	0.000	20.4	327.6	327.6	WAIT
214.000118	0.000	0.000	20.3	327.6	327.6	WAIT
215.000424	0.000	0.000	20.3	327.6	327.6	WAIT
216.000288	0.000	0.000	20.3	327.6	327.6	WAIT
217.004363	0.000	0.000	20.3	327.6	327.6	WAIT
218.000483	0.000	0.000	20.3	327.6	327.6	WAIT
219.000298	0.000	0.000	20.3	327.6	327.6	WAIT
220.000450	0.000	0.000	20.3	327.6	327.6	WAIT
221.001796	0.000	0.000	20.3	327.6	327.6	WAIT
222.000167	0.000	0.000	20.3	327.6	327.6	WAIT
223.000226	0.000	0.000	20.2	327.6	327.6	WAIT
224.000145	0.000	0.000	20.2	327.6	327.6	WAIT
225.000137	0.000	0.000	20.2	327.6	327.6	WAIT
226.000143	0.000	0.000	20.2	327.6	327.6	WAIT
227.019818	0.000	0.000	20.2	327.6	327.6	WAIT
228.000373	0.000	0.000	20.2	327.6	327.6	WAIT
229.000405	0.000	0.000	20.2	327.6	327.6	WAIT
230.000101	0.000	0.000	20.2	327.6	327.6	WAIT
231.000248	0.000	0.000	20.2	327.6	327.6	WAIT
232.000271	0.000	0.000	20.1	327.6	327.6	WAIT
233.000252	0.000	0.000	20.1	327.6	327.6	WAIT
234.000100	0.000	0.000	20.1	327.6	327.6	WAIT
235.000178	0.000	0.000	20.1	327.6	327.6	WAIT
236.000369	0.000	0.000	20.1	327.6	327.6	WAIT
237.000067	0.000	0.000	20.1	327.6	327.6	WAIT
238.000106	0.000	0.000	20.1	327.6	327.6	WAIT
239.000293	0.000	0.000	20.1	327.6	327.6	WAIT
240.000195	0.000	0.000	20.1	327.6	327.6	WAIT
241.001047	0.000	0.000	20.1	327.6	327.6	WAIT
242.000310	0.000	0.000	20.1	327.6	327.6	WAIT
243.000084	0.000	0.000	20.0	327.6	327.6	WAIT
244.000096	0.000	0.000	20.0	327.6	327.6	WAIT
245.000392	0.001	0.000	20.0	327.6	327.6	WAIT
246.000448	0.000	0.000	20.0	327.6	327.6	WAIT
247.019188	0.000	0.000	20.0	327.6	327.6	WAIT
248.000178	0.000	0.000	20.0	327.6	327.6	WAIT
249.006378	0.000	0.000	20.0	327.6	327.6	WAIT
250.000231	0.000	0.000	20.0	327.6	327.6	WAIT
251.000474	0.001	0.000	20.0	327.6	327.6	WAIT
252.000393	0.000	0.000	20.0	327.6	327.6	WAIT
253.000053	0.000	0.000	20.0	327.6	327.6	WAIT
254.000103	0.000	0.000	20.0	327.6	327.6	WAIT
255.003200	0.000	0.000	19.9	327.6	327.6	WAIT
256.000406	0.000	0.000	19.9	327.6	327.6	WAIT
257.000577	0.000	0.000	19.9	327.6	327.6	WAIT
258.000368	0.000	0.000	19.9	327.6	327.6	WAIT
259.000850	0.000	0.000	19.9	327.6	327.6	WAIT
260.000304	0.000	0.000	19.9	327.6	327.6	WAIT
261.003427	0.000	0.000	19.9	327.6	327.6	WAIT
262.000095	0.000	0.000	19.9	327.6	327.6	WAIT
263.000208	0.000	0.000	19.9	327.6	327.6	WAIT
264.039723	0.000	0.000	19.9	327.6	327.6	WAIT
265.007687	0.000	0.000	19.9	327.6	327.6	WAIT
266.000392	0.000	0.000	19.9	327.6	327.6	WAIT
267.000061	0.000	0.000	19.9	327.6	327.6	WAIT
268.000145	0.000	0.000	19.9	327.6	327.6	WAIT
269.041286	0.000	0.000	19.9	327.6	327.6	WAIT
270.000029	0.000	0.000	19.9	327.6	327.6	WAIT
271.000279	0.000	0.000	19.8	327.6	327.6	WAIT
